11100111111111100111
10000000000000000001
10000000000000000001
10000000000000000001
10000000000000000001
10000000000000000001
11100111111111100111
10000000000000000001
10000000000000000001
11100111111111100111
10000000000000000001
10000000000000000001
11100111111111100111
10000000000000000001
10000000000000000001
11100111111111100111
99999999999999999999
99999999999999999999
99999999999999999999
22222222000022222222
20000000000000000002
20000000000000000002
20000000222200000002
20000000000000000002
20000000000000000002
20000002222220000002
20000000000000000002
20000000000000000002
20000222222222200002
20000000000000000002
20000000000000000002
20022222222222222002
20000000000000000002
20000000000000000002
22222222000022222222
99999999999999999999
99999999999999999999
99999999999999999999
33330003333330003333
30000000000000000003
30000000000000000003
30003330000003330003
30000000000000000003
30000000000000000003
30003333000033330003
30000000000000000003
30000000000000000003
30003333300333330003
30000000000000000003
30000000000000000003
33333033000003033333
30000000000000000003
30000000000000000003
33330003333330003333
99999999999999999999
99999999999999999999
99999999999999999999
44444440044004444444
40000000000000000004
40040000000000004004
40040000000000004004
40040004400440004004
40040000000000004004
40040000000000004004
40040004400440004004
40040000000000004004
40000000000000000004
40000044444444000004
40000000000000000004
40000000000000000004
44444040000004044444
40000000000000000004
40004444444444440004
99999999999999999999
99999999999999999999
99999999999999999999